F-Measure for k=1 
Distance 			 Index 

0.0 		 0 
F-Measure for k=2 
Distance 			 Index 



0.0 		 0 
0.40134546076893296 		 72 
F-Measure for k=5 
Distance 			 Index 



0.0 		 0 
0.40134546076893296 		 72 
0.4524798903145403 		 41 
0.454005920449409 		 50 
0.48310622025301797 		 47 
F-Measure for k=10 
Distance 			 Index 



0.0 		 0 
0.40134546076893296 		 72 
0.4524798903145403 		 41 
0.454005920449409 		 50 
0.48310622025301797 		 47 
0.49138378152460993 		 22 
0.5570063863397551 		 40 
0.5575076746489496 		 70 
0.5595581620312007 		 65 
0.5697622405962899 		 57 
F-Measure for k=20 
Distance 			 Index 



0.0 		 0 
0.40134546076893296 		 72 
0.4524798903145403 		 41 
0.454005920449409 		 50 
0.48310622025301797 		 47 
0.49138378152460993 		 22 
0.5570063863397551 		 40 
0.5575076746489496 		 70 
0.5595581620312007 		 65 
0.5697622405962899 		 57 
0.5723164326109635 		 39 
0.5743079693085706 		 9 
0.591572429291979 		 68 
0.5931677428202162 		 61 
0.5944031150782154 		 69 
0.6047128761729474 		 51 
0.6065396555992959 		 42 
0.6142812872969581 		 56 
0.6376023143677725 		 58 
0.6379009686860329 		 55 
Data Science for k=1 
Distance 			 Index 



0.0 		 1 
Data Science for k=2 
Distance 			 Index 



0.0 		 1 
0.6091294168400329 		 72 
Data Science for k=5 
Distance 			 Index 



0.0 		 1 
0.6091294168400329 		 72 
0.6109528931380528 		 32 
0.6325631184367322 		 12 
0.6330961865539709 		 47 
Data Science for k=10 
Distance 			 Index 



0.0 		 1 
0.6091294168400329 		 72 
0.6109528931380528 		 32 
0.6325631184367322 		 12 
0.6330961865539709 		 47 
0.6382135670358504 		 55 
0.6442302368982329 		 25 
0.6795307752961834 		 50 
0.6846779299041275 		 58 
0.6873699365686563 		 57 
Data Science for k=20 
Distance 			 Index 



0.0 		 1 
0.6091294168400329 		 72 
0.6109528931380528 		 32 
0.6325631184367322 		 12 
0.6330961865539709 		 47 
0.6382135670358504 		 55 
0.6442302368982329 		 25 
0.6795307752961834 		 50 
0.6846779299041275 		 58 
0.6873699365686563 		 57 
0.6873967407066943 		 70 
0.6954878786747719 		 46 
0.6990135440857811 		 22 
0.7041598953465444 		 9 
0.70541914394553 		 28 
0.7177803139549624 		 48 
0.7188522403906032 		 20 
0.7210313381787055 		 39 
0.7272724035225957 		 61 
0.7388742429700874 		 36 
